a=13;
branche1=13;
main=123;

