a=13;
branche1=13;

branche12=312;

main=123;
main=123232323;
