a=13;
branche1=13;
branche12=312;